fecha	objective	metric	first_metric_only	boost_from_average	feature_pre_filter	verbosity	max_depth	min_gain_to_split	lambda_l1	lambda_l2	max_bin	num_iterations	force_row_wise	seed	learning_rate	feature_fraction	min_data_in_leaf	num_leaves	envios	ganancia	iteracion
20221001 203628	binary	custom	TRUE	TRUE	FALSE	-100	-1	0	0	0	31	24	TRUE	238001	0.188893069405225	0.610916111115366	3480	1217	10125	25190000	1
20221001 203649	binary	custom	TRUE	TRUE	FALSE	-100	-1	0	0	0	31	61	TRUE	238001	0.202328941168962	0.335654068551958	4670	2063	9682	2.6e+07	2
20221001 203709	binary	custom	TRUE	TRUE	FALSE	-100	-1	0	0	0	31	38	TRUE	238001	0.140437676573638	0.516187297897413	5462	1814	9122	26320000	3
20221001 203735	binary	custom	TRUE	TRUE	FALSE	-100	-1	0	0	0	31	140	TRUE	238001	0.288962129613908	0.833634533360601	2140	546	8851	24780000	4
20221001 203804	binary	custom	TRUE	TRUE	FALSE	-100	-1	0	0	0	31	80	TRUE	238001	0.070943358170276	0.685892368461937	2721	1866	8507	26430000	5
20221001 203831	binary	custom	TRUE	TRUE	FALSE	-100	-1	0	0	0	31	108	TRUE	238001	0.157411968340923	0.291581142880023	7999	729	10607	25270000	6
20221001 203849	binary	custom	TRUE	TRUE	FALSE	-100	-1	0	0	0	31	67	TRUE	238001	0.129661932627961	0.753606491331011	3728	1411	9912	25380000	7
20221001 203859	binary	custom	TRUE	TRUE	FALSE	-100	-1	0	0	0	31	23	TRUE	238001	0.281504651587748	0.996043994482607	6049	1569	9443	25680000	8
20221001 204004	binary	custom	TRUE	TRUE	FALSE	-100	-1	0	0	0	31	98	TRUE	238001	0.0792672643119586	0.571127681266516	513	1284	9330	27020000	9
20221001 204054	binary	custom	TRUE	TRUE	FALSE	-100	-1	0	0	0	31	262	TRUE	238001	0.0466110384832136	0.418738563489169	4276	790	10278	26170000	10
20221001 204135	binary	custom	TRUE	TRUE	FALSE	-100	-1	0	0	0	31	140	TRUE	238001	0.105213114747428	0.386024628812447	1823	2782	10431	26420000	11
20221001 204157	binary	custom	TRUE	TRUE	FALSE	-100	-1	0	0	0	31	115	TRUE	238001	0.230985096526274	0.676410682257265	3197	2372	8914	25700000	12
20221001 204245	binary	custom	TRUE	TRUE	FALSE	-100	-1	0	0	0	31	269	TRUE	238001	0.0252267548394739	0.785369065171108	6832	403	8644	26240000	13
20221001 204310	binary	custom	TRUE	TRUE	FALSE	-100	-1	0	0	0	31	139	TRUE	238001	0.255140497854271	0.247862972514704	5915	1034	8141	25560000	14
20221001 204336	binary	custom	TRUE	TRUE	FALSE	-100	-1	0	0	0	31	93	TRUE	238001	0.121229464684322	0.929819587804377	1430	2721	10871	26100000	15
20221001 204432	binary	custom	TRUE	TRUE	FALSE	-100	-1	0	0	0	31	118	TRUE	238001	0.0496647275033174	0.871571848578751	840	226	8270	27140000	16
20221001 204459	binary	custom	TRUE	TRUE	FALSE	-100	-1	0	0	0	31	152	TRUE	238001	0.261842120627058	0.456328829163685	6682	2169	10820	25480000	17
20221001 204605	binary	custom	TRUE	TRUE	FALSE	-100	-1	0	0	0	31	94	TRUE	238001	0.172372524408391	0.21690464457497	56	2466	8307	24910000	18
20221001 204855	binary	custom	TRUE	TRUE	FALSE	-100	-1	0	0	0	31	928	TRUE	238001	0.0121869895633426	0.534261244405061	7388	3018	9649	26390000	19
20221001 204909	binary	custom	TRUE	TRUE	FALSE	-100	-1	0	0	0	31	53	TRUE	238001	0.221761845461675	0.910601773029193	5168	48	10097	25410000	20
20221001 205019	binary	custom	TRUE	TRUE	FALSE	-100	-1	0	0	0	31	275	TRUE	238001	0.0527525200432097	0.709875768342036	872	669	9002	26880000	21
20221001 205054	binary	custom	TRUE	TRUE	FALSE	-100	-1	0	0	0	31	251	TRUE	238001	0.0389558917525373	0.746326121402389	41	23	8042	26640000	22
20221001 205125	binary	custom	TRUE	TRUE	FALSE	-100	-1	0	0	0	31	69	TRUE	238001	0.072212838001723	0.937069427865498	983	304	8292	26460000	23
20221001 205200	binary	custom	TRUE	TRUE	FALSE	-100	-1	0	0	0	31	109	TRUE	238001	0.0501500110961544	0.46799990877332	109	61	8003	26160000	24
20221001 205246	binary	custom	TRUE	TRUE	FALSE	-100	-1	0	0	0	31	79	TRUE	238001	0.0549814958716582	0.546434302714502	494	1765	9225	26750000	25
20221001 205346	binary	custom	TRUE	TRUE	FALSE	-100	-1	0	0	0	31	104	TRUE	238001	0.0474318243508781	0.87799414451666	37	339	8558	26090000	26
20221001 205423	binary	custom	TRUE	TRUE	FALSE	-100	-1	0	0	0	31	107	TRUE	238001	0.0396957680924465	0.840570087662392	1663	263	8210	26940000	27
20221001 205533	binary	custom	TRUE	TRUE	FALSE	-100	-1	0	0	0	31	232	TRUE	238001	0.075231450828966	0.641868867606996	1285	912	9237	27530000	28
20221001 205609	binary	custom	TRUE	TRUE	FALSE	-100	-1	0	0	0	31	225	TRUE	238001	0.0711347181775735	0.646875422771392	4873	866	9250	26380000	29
20221001 205746	binary	custom	TRUE	TRUE	FALSE	-100	-1	0	0	0	31	157	TRUE	238001	0.0840006749549513	0.63775271240006	56	998	9197	26490000	30
20221001 205819	binary	custom	TRUE	TRUE	FALSE	-100	-1	0	0	0	31	99	TRUE	238001	0.0589178790077687	0.647543363811341	1251	868	9233	26900000	31
20221001 205840	binary	custom	TRUE	TRUE	FALSE	-100	-1	0	0	0	31	87	TRUE	238001	0.111071398548468	0.600141741482541	6511	20	9374	26220000	32
20221001 205915	binary	custom	TRUE	TRUE	FALSE	-100	-1	0	0	0	31	174	TRUE	238001	0.132790620397382	0.534796467659995	5930	1265	9691	26460000	33
20221001 210034	binary	custom	TRUE	TRUE	FALSE	-100	-1	0	0	0	31	494	TRUE	238001	0.0385015624493116	0.870431413085759	3282	1455	10847	25990000	34
20221001 210045	binary	custom	TRUE	TRUE	FALSE	-100	-1	0	0	0	31	30	TRUE	238001	0.247688198058448	0.97085140260905	7533	102	9077	26250000	35
20221001 210058	binary	custom	TRUE	TRUE	FALSE	-100	-1	0	0	0	31	30	TRUE	238001	0.294932982268407	0.827480945128389	2443	396	8587	24750000	36
20221001 210130	binary	custom	TRUE	TRUE	FALSE	-100	-1	0	0	0	31	52	TRUE	238001	0.0757282446025065	0.65416961830504	679	882	9933	26700000	37
20221001 210154	binary	custom	TRUE	TRUE	FALSE	-100	-1	0	0	0	31	85	TRUE	238001	0.0799408741219644	0.713120821923949	2451	1452	10295	25330000	38
20221001 210230	binary	custom	TRUE	TRUE	FALSE	-100	-1	0	0	0	31	136	TRUE	238001	0.0751740761253147	0.65380933606959	1570	895	8924	26960000	39
20221001 210300	binary	custom	TRUE	TRUE	FALSE	-100	-1	0	0	0	31	86	TRUE	238001	0.0733849747213908	0.615224194064026	1384	930	9361	26720000	40
20221001 210321	binary	custom	TRUE	TRUE	FALSE	-100	-1	0	0	0	31	69	TRUE	238001	0.0749909048544511	0.956367239678279	3829	1873	8241	26320000	41
20221001 210349	binary	custom	TRUE	TRUE	FALSE	-100	-1	0	0	0	31	122	TRUE	238001	0.0706767263774609	0.224661557385698	5182	1590	9999	26330000	42
20221001 210439	binary	custom	TRUE	TRUE	FALSE	-100	-1	0	0	0	31	305	TRUE	238001	0.0317116237761138	0.930109449937567	7494	2412	8396	26010000	43
20221001 210915	binary	custom	TRUE	TRUE	FALSE	-100	-1	0	0	0	31	677	TRUE	238001	0.0123862994109397	0.50881237937808	850	2539	8676	28010000	44
20221001 210926	binary	custom	TRUE	TRUE	FALSE	-100	-1	0	0	0	31	19	TRUE	238001	0.278272677236235	0.632499920022488	6003	1905	9926	25190000	45
20221001 210948	binary	custom	TRUE	TRUE	FALSE	-100	-1	0	0	0	31	51	TRUE	238001	0.17685334134197	0.467216590912454	5444	2083	9057	26290000	46
20221001 211200	binary	custom	TRUE	TRUE	FALSE	-100	-1	0	0	0	31	305	TRUE	238001	0.0545010914862889	0.639588982575201	76	639	10566	26470000	47
20221001 211226	binary	custom	TRUE	TRUE	FALSE	-100	-1	0	0	0	31	146	TRUE	238001	0.0778915715035249	0.725810646671802	6821	673	10196	25930000	48
20221001 211255	binary	custom	TRUE	TRUE	FALSE	-100	-1	0	0	0	31	103	TRUE	238001	0.232929167007491	0.383611714291014	870	1202	9261	25960000	49
20221001 211325	binary	custom	TRUE	TRUE	FALSE	-100	-1	0	0	0	31	121	TRUE	238001	0.07933828800663	0.277884050524794	4148	1355	8056	26530000	50
20221001 211450	binary	custom	TRUE	TRUE	FALSE	-100	-1	0	0	0	31	499	TRUE	238001	0.0171272184302041	0.225153392024525	7470	485	8607	26390000	51
20221001 211520	binary	custom	TRUE	TRUE	FALSE	-100	-1	0	0	0	31	43	TRUE	238001	0.183488434449757	0.536991706803069	473	2513	8309	25550000	52
20221001 211533	binary	custom	TRUE	TRUE	FALSE	-100	-1	0	0	0	31	38	TRUE	238001	0.249661702638457	0.824278188950941	6163	2802	9411	26460000	53
20221001 211604	binary	custom	TRUE	TRUE	FALSE	-100	-1	0	0	0	31	145	TRUE	238001	0.0741793751074269	0.605837298370525	5432	562	8699	26690000	54
20221001 211622	binary	custom	TRUE	TRUE	FALSE	-100	-1	0	0	0	31	34	TRUE	238001	0.20516447826433	0.405311631944589	1776	1288	9634	24260000	55
20221001 211639	binary	custom	TRUE	TRUE	FALSE	-100	-1	0	0	0	31	56	TRUE	238001	0.140580720797756	0.826116655269824	5540	711	10369	25990000	56
20221001 211652	binary	custom	TRUE	TRUE	FALSE	-100	-1	0	0	0	31	18	TRUE	238001	0.28338669115738	0.472291564275883	4932	2226	8920	24720000	57
20221001 211712	binary	custom	TRUE	TRUE	FALSE	-100	-1	0	0	0	31	54	TRUE	238001	0.242382562019397	0.497443485028856	1423	375	8471	25860000	58
20221001 211727	binary	custom	TRUE	TRUE	FALSE	-100	-1	0	0	0	31	43	TRUE	238001	0.234281663078135	0.916613249851391	2705	573	9641	25920000	59
20221001 211743	binary	custom	TRUE	TRUE	FALSE	-100	-1	0	0	0	31	35	TRUE	238001	0.287375450209943	0.626928428908996	2484	2773	10053	24940000	60
20221001 211804	binary	custom	TRUE	TRUE	FALSE	-100	-1	0	0	0	31	57	TRUE	238001	0.289816842842135	0.832584391497821	1606	1139	9305	25070000	61
20221001 211842	binary	custom	TRUE	TRUE	FALSE	-100	-1	0	0	0	31	136	TRUE	238001	0.0358365042172233	0.77863567119576	3253	2159	9047	25990000	62
20221001 211915	binary	custom	TRUE	TRUE	FALSE	-100	-1	0	0	0	31	64	TRUE	238001	0.287719666985048	0.432344655119441	364	2737	9444	22960000	63
20221001 212004	binary	custom	TRUE	TRUE	FALSE	-100	-1	0	0	0	31	221	TRUE	238001	0.0227709558655845	0.90607622872442	6671	1056	10488	25830000	64
20221001 212024	binary	custom	TRUE	TRUE	FALSE	-100	-1	0	0	0	31	37	TRUE	238001	0.221837273008261	0.874911762158573	7307	2595	9219	26210000	65
20221001 212041	binary	custom	TRUE	TRUE	FALSE	-100	-1	0	0	0	31	49	TRUE	238001	0.248673079450285	0.561709361652285	5665	2263	10550	25780000	66
20221001 212056	binary	custom	TRUE	TRUE	FALSE	-100	-1	0	0	0	31	27	TRUE	238001	0.139112473556119	0.829013103394024	3449	2656	10553	24580000	67
20221001 212119	binary	custom	TRUE	TRUE	FALSE	-100	-1	0	0	0	31	50	TRUE	238001	0.103385783209882	0.793691932321712	1440	2968	8363	26240000	68
20221001 212140	binary	custom	TRUE	TRUE	FALSE	-100	-1	0	0	0	31	29	TRUE	238001	0.107472011699226	0.66354458688926	1139	330	8042	25920000	69
20221001 212156	binary	custom	TRUE	TRUE	FALSE	-100	-1	0	0	0	31	41	TRUE	238001	0.235031266546098	0.659982398896664	3296	3011	8935	25490000	70
20221001 212500	binary	custom	TRUE	TRUE	FALSE	-100	-1	0	0	0	31	1011	TRUE	238001	0.0121869894200376	0.665512194567616	2240	2116	8942	27160000	71
20221001 212657	binary	custom	TRUE	TRUE	FALSE	-100	-1	0	0	0	31	296	TRUE	238001	0.0141052233344834	0.657027176946332	889	2238	8461	27320000	72
20221001 212743	binary	custom	TRUE	TRUE	FALSE	-100	-1	0	0	0	31	254	TRUE	238001	0.0487003558249154	0.993413952692412	3730	1609	10652	25900000	73
20221001 212812	binary	custom	TRUE	TRUE	FALSE	-100	-1	0	0	0	31	108	TRUE	238001	0.0643952393437165	0.845311343042925	4031	2446	8541	26120000	74
20221001 213100	binary	custom	TRUE	TRUE	FALSE	-100	-1	0	0	0	31	518	TRUE	238001	0.0110012996261175	0.413675154742923	901	2754	8866	27310000	75
20221001 213118	binary	custom	TRUE	TRUE	FALSE	-100	-1	0	0	0	31	24	TRUE	238001	0.268121270442213	0.964113226179034	2912	2384	8109	25150000	76
20221001 213137	binary	custom	TRUE	TRUE	FALSE	-100	-1	0	0	0	31	53	TRUE	238001	0.185329778672645	0.537828319959529	4431	2240	10646	25510000	77
20221001 213208	binary	custom	TRUE	TRUE	FALSE	-100	-1	0	0	0	31	148	TRUE	238001	0.140236916945709	0.25981272917185	3962	2119	9056	25570000	78
20221001 213227	binary	custom	TRUE	TRUE	FALSE	-100	-1	0	0	0	31	54	TRUE	238001	0.128840634770542	0.924518630357273	2596	789	10665	25390000	79
20221001 213246	binary	custom	TRUE	TRUE	FALSE	-100	-1	0	0	0	31	33	TRUE	238001	0.150268792707018	0.547890585466288	3076	2754	8555	25690000	80
20221001 213309	binary	custom	TRUE	TRUE	FALSE	-100	-1	0	0	0	31	89	TRUE	238001	0.269795574648845	0.650446363315545	1230	419	9229	24270000	81
20221001 213328	binary	custom	TRUE	TRUE	FALSE	-100	-1	0	0	0	31	42	TRUE	238001	0.156793446159599	0.645033351882175	1745	2505	8765	26550000	82
20221001 213405	binary	custom	TRUE	TRUE	FALSE	-100	-1	0	0	0	31	223	TRUE	238001	0.0633616894750926	0.762686251034774	6113	1998	10995	26010000	83
20221001 213421	binary	custom	TRUE	TRUE	FALSE	-100	-1	0	0	0	31	34	TRUE	238001	0.201274847784591	0.370711776774563	2672	1817	10448	25430000	84
20221001 213439	binary	custom	TRUE	TRUE	FALSE	-100	-1	0	0	0	31	53	TRUE	238001	0.238129541367266	0.416814094152674	3035	838	10090	25340000	85
20221001 213456	binary	custom	TRUE	TRUE	FALSE	-100	-1	0	0	0	31	51	TRUE	238001	0.174338121031668	0.290428429191746	3715	113	10896	25090000	86
20221001 213530	binary	custom	TRUE	TRUE	FALSE	-100	-1	0	0	0	31	92	TRUE	238001	0.124610837005283	0.666350885750353	877	2034	10948	25310000	87
20221001 213734	binary	custom	TRUE	TRUE	FALSE	-100	-1	0	0	0	31	867	TRUE	238001	0.020318248421069	0.979742138851248	4782	2696	10701	25720000	88
20221001 213824	binary	custom	TRUE	TRUE	FALSE	-100	-1	0	0	0	31	223	TRUE	238001	0.0587445406735001	0.513793396748416	4994	1781	8289	26070000	89
20221001 213958	binary	custom	TRUE	TRUE	FALSE	-100	-1	0	0	0	31	284	TRUE	238001	0.0368669139648986	0.593480094081163	609	2562	9552	27780000	90
20221001 214015	binary	custom	TRUE	TRUE	FALSE	-100	-1	0	0	0	31	81	TRUE	238001	0.24741499372246	0.707616324900277	6254	1487	9648	25350000	91
20221001 214055	binary	custom	TRUE	TRUE	FALSE	-100	-1	0	0	0	31	56	TRUE	238001	0.217895054538286	0.430765500238724	221	1246	10759	24090000	92
20221001 214135	binary	custom	TRUE	TRUE	FALSE	-100	-1	0	0	0	31	34	TRUE	238001	0.0625878796776233	0.761046567976847	329	366	9065	26270000	93
20221001 214212	binary	custom	TRUE	TRUE	FALSE	-100	-1	0	0	0	31	72	TRUE	238001	0.0887125049592776	0.418551397164352	734	452	10647	26390000	94
20221001 214230	binary	custom	TRUE	TRUE	FALSE	-100	-1	0	0	0	31	36	TRUE	238001	0.24992067035932	0.531008624444529	2500	1918	8759	25210000	95
20221001 214315	binary	custom	TRUE	TRUE	FALSE	-100	-1	0	0	0	31	82	TRUE	238001	0.271674382155803	0.604481543917023	177	783	9906	23470000	96
20221001 214434	binary	custom	TRUE	TRUE	FALSE	-100	-1	0	0	0	31	385	TRUE	238001	0.0185200166565098	0.826862113261037	3148	80	10328	25830000	97
20221001 214514	binary	custom	TRUE	TRUE	FALSE	-100	-1	0	0	0	31	132	TRUE	238001	0.0407560914842458	0.909693545958214	2365	997	8394	26180000	98
20221001 214610	binary	custom	TRUE	TRUE	FALSE	-100	-1	0	0	0	31	255	TRUE	238001	0.0530310218540917	0.654558473358862	1539	220	9594	27220000	99
20221001 214634	binary	custom	TRUE	TRUE	FALSE	-100	-1	0	0	0	31	86	TRUE	238001	0.179909698305655	0.513499654686265	3915	678	9028	25870000	100
20221001 214719	binary	custom	TRUE	TRUE	FALSE	-100	-1	0	0	0	31	176	TRUE	238001	0.0417915706708573	0.357888731186464	3529	424	8580	26440000	101
20221001 214803	binary	custom	TRUE	TRUE	FALSE	-100	-1	0	0	0	31	135	TRUE	238001	0.0397725932291569	0.400220238229446	1998	213	8270	26340000	102
20221001 214824	binary	custom	TRUE	TRUE	FALSE	-100	-1	0	0	0	31	78	TRUE	238001	0.130467751424233	0.581397700471058	7160	1435	10605	25590000	103
20221001 214852	binary	custom	TRUE	TRUE	FALSE	-100	-1	0	0	0	31	19	TRUE	238001	0.12987521362067	0.817943990280293	408	643	8539	25410000	104
20221001 214911	binary	custom	TRUE	TRUE	FALSE	-100	-1	0	0	0	31	75	TRUE	238001	0.199651807924161	0.296231741950288	7038	2138	10003	25600000	105
20221001 214952	binary	custom	TRUE	TRUE	FALSE	-100	-1	0	0	0	31	164	TRUE	238001	0.0302489285966067	0.720577117574215	4437	1611	8194	26340000	106
20221001 215018	binary	custom	TRUE	TRUE	FALSE	-100	-1	0	0	0	31	103	TRUE	238001	0.148942240894652	0.361038037315197	6905	2727	9847	25910000	107
20221001 215036	binary	custom	TRUE	TRUE	FALSE	-100	-1	0	0	0	31	47	TRUE	238001	0.134803500433601	0.464629366709292	5763	715	10248	25110000	108
20221001 215112	binary	custom	TRUE	TRUE	FALSE	-100	-1	0	0	0	31	152	TRUE	238001	0.085245924312243	0.377059144267812	2963	1719	8400	26320000	109
20221001 215129	binary	custom	TRUE	TRUE	FALSE	-100	-1	0	0	0	31	38	TRUE	238001	0.234164093492484	0.410996336659044	5330	2148	10397	24970000	110
20221001 215154	binary	custom	TRUE	TRUE	FALSE	-100	-1	0	0	0	31	114	TRUE	238001	0.208262300550129	0.428347426409088	5877	1839	9388	26110000	111
20221001 215211	binary	custom	TRUE	TRUE	FALSE	-100	-1	0	0	0	31	33	TRUE	238001	0.246303549733781	0.828558718977496	6626	2432	8122	25680000	112
20221001 215314	binary	custom	TRUE	TRUE	FALSE	-100	-1	0	0	0	31	301	TRUE	238001	0.0275432084897114	0.253807107729465	5362	2017	8984	26040000	113
20221001 215333	binary	custom	TRUE	TRUE	FALSE	-100	-1	0	0	0	31	45	TRUE	238001	0.207028622478994	0.559749341914989	2231	952	10485	25830000	114
20221001 215406	binary	custom	TRUE	TRUE	FALSE	-100	-1	0	0	0	31	104	TRUE	238001	0.283633374665529	0.772807354854606	819	1934	8742	24200000	115
20221001 215419	binary	custom	TRUE	TRUE	FALSE	-100	-1	0	0	0	31	33	TRUE	238001	0.256676847085516	0.988276831835881	4045	756	9115	25370000	116
20221001 215432	binary	custom	TRUE	TRUE	FALSE	-100	-1	0	0	0	31	19	TRUE	238001	0.263469132801531	0.388824001070485	6633	393	8450	25340000	117
20221001 215450	binary	custom	TRUE	TRUE	FALSE	-100	-1	0	0	0	31	55	TRUE	238001	0.142933613732973	0.705522684443183	2638	1794	10462	25400000	118
20221001 215505	binary	custom	TRUE	TRUE	FALSE	-100	-1	0	0	0	31	54	TRUE	238001	0.222134546689823	0.703097740692832	7448	1183	10623	25160000	119
20221001 215522	binary	custom	TRUE	TRUE	FALSE	-100	-1	0	0	0	31	14	TRUE	238001	0.159372381514966	0.408463733496703	1005	760	8992	25380000	120
20221001 215533	binary	custom	TRUE	TRUE	FALSE	-100	-1	0	0	0	31	20	TRUE	238001	0.285825029690179	0.898111599028297	7269	1860	9483	25680000	121
20221001 215606	binary	custom	TRUE	TRUE	FALSE	-100	-1	0	0	0	31	160	TRUE	238001	0.0907715251217736	0.941197068509087	2774	2955	10774	26060000	122
20221001 215722	binary	custom	TRUE	TRUE	FALSE	-100	-1	0	0	0	31	262	TRUE	238001	0.02489770316771	0.689754355666041	1220	2514	9766	27910000	123
20221001 215921	binary	custom	TRUE	TRUE	FALSE	-100	-1	0	0	0	31	385	TRUE	238001	0.0186869441985713	0.598227075905481	933	2524	9170	27420000	124
20221001 220200	binary	custom	TRUE	TRUE	FALSE	-100	-1	0	0	0	31	361	TRUE	238001	0.0216607693345971	0.492412162974244	832	2579	8811	28140000	125
20221001 220413	binary	custom	TRUE	TRUE	FALSE	-100	-1	0	0	0	31	285	TRUE	238001	0.0127615823364268	0.501527274891641	905	2621	8699	28130000	126
20221001 220940	binary	custom	TRUE	TRUE	FALSE	-100	-1	0	0	0	31	1008	TRUE	238001	0.0107583967438797	0.47946096114004	464	2596	8863	27400000	127
20221001 221120	binary	custom	TRUE	TRUE	FALSE	-100	-1	0	0	0	31	352	TRUE	238001	0.0241856459308622	0.514059338170628	1191	2595	8628	27630000	128
20221001 221249	binary	custom	TRUE	TRUE	FALSE	-100	-1	0	0	0	31	270	TRUE	238001	0.0157934031126889	0.471842363529373	2184	2022	8695	26770000	129
20221001 222046	binary	custom	TRUE	TRUE	FALSE	-100	-1	0	0	0	31	560	TRUE	238001	0.0188258619146166	0.498850242271635	72	2589	9133	27420000	130
20221001 222242	binary	custom	TRUE	TRUE	FALSE	-100	-1	0	0	0	31	288	TRUE	238001	0.0133949237138788	0.493684962233459	1189	1992	8098	27250000	131
20221001 222359	binary	custom	TRUE	TRUE	FALSE	-100	-1	0	0	0	31	278	TRUE	238001	0.0324598195503116	0.670394827677519	1034	2371	9532	27580000	132
20221001 222516	binary	custom	TRUE	TRUE	FALSE	-100	-1	0	0	0	31	187	TRUE	238001	0.0226687563741034	0.49195060867109	1520	3003	8970	27020000	133
20221001 222715	binary	custom	TRUE	TRUE	FALSE	-100	-1	0	0	0	31	202	TRUE	238001	0.0215995392436568	0.510726180141608	355	2357	8296	27010000	134
20221001 222949	binary	custom	TRUE	TRUE	FALSE	-100	-1	0	0	0	31	352	TRUE	238001	0.0212072359599051	0.479909101869338	416	2053	9211	27740000	135
20221001 223109	binary	custom	TRUE	TRUE	FALSE	-100	-1	0	0	0	31	138	TRUE	238001	0.0269626534600906	0.498752549748439	537	2481	10072	27220000	136
20221001 223228	binary	custom	TRUE	TRUE	FALSE	-100	-1	0	0	0	31	173	TRUE	238001	0.0209501079279444	0.53395416107055	1124	1555	8788	27070000	137
20221001 224037	binary	custom	TRUE	TRUE	FALSE	-100	-1	0	0	0	31	403	TRUE	238001	0.0215563442325609	0.58086100413468	47	2974	8896	27410000	138
20221001 224131	binary	custom	TRUE	TRUE	FALSE	-100	-1	0	0	0	31	151	TRUE	238001	0.0368582341113807	0.575254368476244	2091	2302	9662	26280000	139
20221001 224629	binary	custom	TRUE	TRUE	FALSE	-100	-1	0	0	0	31	202	TRUE	238001	0.0346213351551082	0.967062695718951	23	2608	8689	26550000	140
20221001 224849	binary	custom	TRUE	TRUE	FALSE	-100	-1	0	0	0	31	516	TRUE	238001	0.0216868369047103	0.503939690322379	796	2561	9433	27460000	141
20221001 225017	binary	custom	TRUE	TRUE	FALSE	-100	-1	0	0	0	31	260	TRUE	238001	0.0177948390128059	0.493340518228982	1925	2552	8749	27230000	142
20221001 225138	binary	custom	TRUE	TRUE	FALSE	-100	-1	0	0	0	31	192	TRUE	238001	0.0262823239835962	0.489401359536086	655	2238	8749	27390000	143
20221001 225316	binary	custom	TRUE	TRUE	FALSE	-100	-1	0	0	0	31	368	TRUE	238001	0.0248903163594191	0.668251285412372	1088	2529	9531	27260000	144
20221001 225541	binary	custom	TRUE	TRUE	FALSE	-100	-1	0	0	0	31	389	TRUE	238001	0.0215820332959562	0.498369286249683	568	2574	8616	27250000	145
20221001 225705	binary	custom	TRUE	TRUE	FALSE	-100	-1	0	0	0	31	334	TRUE	238001	0.0299980256604575	0.688556677159341	1074	2191	9474	27460000	146
20221001 225838	binary	custom	TRUE	TRUE	FALSE	-100	-1	0	0	0	31	239	TRUE	238001	0.0304851403816615	0.598311620915995	547	2670	9349	27310000	147
20221001 230045	binary	custom	TRUE	TRUE	FALSE	-100	-1	0	0	0	31	456	TRUE	238001	0.0215460461231427	0.489849494446302	882	2647	9040	27360000	148
20221001 230213	binary	custom	TRUE	TRUE	FALSE	-100	-1	0	0	0	31	333	TRUE	238001	0.0243609591138594	0.685116466139493	1150	2412	9582	27880000	149
20221001 230312	binary	custom	TRUE	TRUE	FALSE	-100	-1	0	0	0	31	203	TRUE	238001	0.038829053265064	0.687361188182549	1280	2475	9697	27250000	150
20221001 230536	binary	custom	TRUE	TRUE	FALSE	-100	-1	0	0	0	31	664	TRUE	238001	0.0179948261984251	0.676178504953452	1169	2293	9394	27780000	151
20221001 230808	binary	custom	TRUE	TRUE	FALSE	-100	-1	0	0	0	31	313	TRUE	238001	0.0160832462131341	0.688815388915637	404	2496	9456	27410000	152
20221001 230943	binary	custom	TRUE	TRUE	FALSE	-100	-1	0	0	0	31	441	TRUE	238001	0.0230439786469162	0.689922971481225	1581	2338	9932	26940000	153
20221001 231105	binary	custom	TRUE	TRUE	FALSE	-100	-1	0	0	0	31	402	TRUE	238001	0.023590401804815	0.683542457510624	2264	2502	9376	26610000	154
20221001 231440	binary	custom	TRUE	TRUE	FALSE	-100	-1	0	0	0	31	245	TRUE	238001	0.0237570884923397	0.678364158880576	142	2425	9686	26390000	155
20221001 231521	binary	custom	TRUE	TRUE	FALSE	-100	-1	0	0	0	31	166	TRUE	238001	0.0674599413699575	0.613198120233603	4133	1052	10423	25880000	156
20221001 231537	binary	custom	TRUE	TRUE	FALSE	-100	-1	0	0	0	31	37	TRUE	238001	0.119507517589022	0.947931626899354	3370	779	8445	26150000	157
20221001 231602	binary	custom	TRUE	TRUE	FALSE	-100	-1	0	0	0	31	105	TRUE	238001	0.1746496909423	0.52424917237442	5040	1921	8231	25060000	158
20221001 231634	binary	custom	TRUE	TRUE	FALSE	-100	-1	0	0	0	31	152	TRUE	238001	0.11632035085224	0.75702549879197	2950	2794	9587	26350000	159
20221001 231702	binary	custom	TRUE	TRUE	FALSE	-100	-1	0	0	0	31	76	TRUE	238001	0.192784005232196	0.948628274002485	806	2395	8854	25820000	160
20221001 231732	binary	custom	TRUE	TRUE	FALSE	-100	-1	0	0	0	31	158	TRUE	238001	0.154868730042067	0.43829830361288	6552	2163	8563	25680000	161
20221001 231804	binary	custom	TRUE	TRUE	FALSE	-100	-1	0	0	0	31	53	TRUE	238001	0.106525326479585	0.551398135846481	700	2467	10237	25690000	162
20221001 231846	binary	custom	TRUE	TRUE	FALSE	-100	-1	0	0	0	31	182	TRUE	238001	0.0374018945323559	0.280305160435475	4733	1678	9510	26500000	163
20221001 231931	binary	custom	TRUE	TRUE	FALSE	-100	-1	0	0	0	31	235	TRUE	238001	0.0689052899718925	0.440576327361166	7002	2776	9558	26090000	164
20221001 231953	binary	custom	TRUE	TRUE	FALSE	-100	-1	0	0	0	31	76	TRUE	238001	0.101966258249526	0.316603409534693	4798	977	8159	25930000	165
20221001 232219	binary	custom	TRUE	TRUE	FALSE	-100	-1	0	0	0	31	795	TRUE	238001	0.00877976635070052	0.788732928699069	4973	1882	8377	26370000	166
20221001 232244	binary	custom	TRUE	TRUE	FALSE	-100	-1	0	0	0	31	153	TRUE	238001	0.147694831122286	0.69469016568847	7042	1925	9302	25880000	167
20221001 232302	binary	custom	TRUE	TRUE	FALSE	-100	-1	0	0	0	31	43	TRUE	238001	0.155340249215632	0.523615943495743	3989	2469	8203	25280000	168
20221001 232319	binary	custom	TRUE	TRUE	FALSE	-100	-1	0	0	0	31	35	TRUE	238001	0.266513759121229	0.52517031098865	2377	1060	10417	24850000	169
20221001 232356	binary	custom	TRUE	TRUE	FALSE	-100	-1	0	0	0	31	120	TRUE	238001	0.285259741890568	0.362494417313114	655	2837	8063	24920000	170
20221001 232411	binary	custom	TRUE	TRUE	FALSE	-100	-1	0	0	0	31	12	TRUE	238001	0.21386243191692	0.93559075476639	978	150	8225	24830000	171
20221001 232455	binary	custom	TRUE	TRUE	FALSE	-100	-1	0	0	0	31	72	TRUE	238001	0.269311459207335	0.343436561851017	108	1367	9330	22860000	172
20221001 232518	binary	custom	TRUE	TRUE	FALSE	-100	-1	0	0	0	31	1	TRUE	238001	0.270611644869128	0.779810135622695	7	339	9332	15340000	173
20221001 233022	binary	custom	TRUE	TRUE	FALSE	-100	-1	0	0	0	31	947	TRUE	238001	0.00592237671257666	0.519415239826811	1094	2583	8865	27630000	174
20221001 233340	binary	custom	TRUE	TRUE	FALSE	-100	-1	0	0	0	31	917	TRUE	238001	0.00988021907033867	0.951584674001031	1739	2396	9301	27080000	175
20221001 233427	binary	custom	TRUE	TRUE	FALSE	-100	-1	0	0	0	31	172	TRUE	238001	0.0478759484757911	0.245901408565869	1041	2580	8930	27180000	176
20221001 233613	binary	custom	TRUE	TRUE	FALSE	-100	-1	0	0	0	31	451	TRUE	238001	0.0270274143917566	0.721295655605474	1117	2501	9595	27770000	177
20221001 233827	binary	custom	TRUE	TRUE	FALSE	-100	-1	0	0	0	31	440	TRUE	238001	0.0223213639140473	0.526095496770693	860	2449	8929	27670000	178
20221001 233932	binary	custom	TRUE	TRUE	FALSE	-100	-1	0	0	0	31	154	TRUE	238001	0.029787073860599	0.557699393152392	1105	2618	8817	27330000	179
20221001 234212	binary	custom	TRUE	TRUE	FALSE	-100	-1	0	0	0	31	700	TRUE	238001	0.0148488213851252	0.70232615770325	1190	2375	9177	27890000	180
20221001 234334	binary	custom	TRUE	TRUE	FALSE	-100	-1	0	0	0	31	148	TRUE	238001	0.0188226325139395	0.512149366516853	941	2598	8892	27180000	181
20221001 234726	binary	custom	TRUE	TRUE	FALSE	-100	-1	0	0	0	31	498	TRUE	238001	0.00667893154791068	0.389395926568845	639	2630	8422	27800000	182
20221001 234915	binary	custom	TRUE	TRUE	FALSE	-100	-1	0	0	0	31	426	TRUE	238001	0.0266125387791383	0.489543562858675	1483	2406	9104	27800000	183
20221001 235036	binary	custom	TRUE	TRUE	FALSE	-100	-1	0	0	0	31	124	TRUE	238001	0.0357243708303999	0.353853718508208	258	2511	9809	27190000	184
20221001 235405	binary	custom	TRUE	TRUE	FALSE	-100	-1	0	0	0	31	616	TRUE	238001	0.0110246494075807	0.720492143620054	653	2270	9202	2.8e+07	185
20221002 000001	binary	custom	TRUE	TRUE	FALSE	-100	-1	0	0	0	31	811	TRUE	238001	0.00821636489411273	0.715272863424904	415	2287	8871	27700000	186
20221002 000401	binary	custom	TRUE	TRUE	FALSE	-100	-1	0	0	0	31	955	TRUE	238001	0.013363394561577	0.730029179821461	839	2240	9433	27620000	187
20221002 000750	binary	custom	TRUE	TRUE	FALSE	-100	-1	0	0	0	31	738	TRUE	238001	0.0119126540796894	0.468219960622208	650	2515	8708	27710000	188
20221002 000858	binary	custom	TRUE	TRUE	FALSE	-100	-1	0	0	0	31	174	TRUE	238001	0.0235439827581287	0.714409309722332	1207	2411	8868	27470000	189
20221002 001108	binary	custom	TRUE	TRUE	FALSE	-100	-1	0	0	0	31	472	TRUE	238001	0.0167440313274393	0.529425756547676	1592	2390	9589	27150000	190
20221002 001334	binary	custom	TRUE	TRUE	FALSE	-100	-1	0	0	0	31	236	TRUE	238001	0.0128324215854526	0.621533220451829	537	2348	9151	27540000	191
20221002 001422	binary	custom	TRUE	TRUE	FALSE	-100	-1	0	0	0	31	172	TRUE	238001	0.0432830356682498	0.646235098332468	1955	2410	9425	27230000	192
20221002 001544	binary	custom	TRUE	TRUE	FALSE	-100	-1	0	0	0	31	273	TRUE	238001	0.0333344721013852	0.608607335842541	933	2579	9652	27340000	193
20221002 001804	binary	custom	TRUE	TRUE	FALSE	-100	-1	0	0	0	31	388	TRUE	238001	0.0137633668350291	0.583768154679039	949	2076	9024	27480000	194
20221002 001920	binary	custom	TRUE	TRUE	FALSE	-100	-1	0	0	0	31	201	TRUE	238001	0.0184171147764891	0.795135726175058	1476	2278	9100	26840000	195
20221002 002942	binary	custom	TRUE	TRUE	FALSE	-100	-1	0	0	0	31	1185	TRUE	238001	0.0053572095158581	0.597303822100315	281	2268	9392	27700000	196
20221002 003105	binary	custom	TRUE	TRUE	FALSE	-100	-1	0	0	0	31	262	TRUE	238001	0.0349759698712395	0.460080973609298	1072	2582	8812	27420000	197
20221002 003256	binary	custom	TRUE	TRUE	FALSE	-100	-1	0	0	0	31	404	TRUE	238001	0.0244102653955787	0.474830862373328	1027	2553	8908	27630000	198
20221002 003508	binary	custom	TRUE	TRUE	FALSE	-100	-1	0	0	0	31	333	TRUE	238001	0.0129136870997264	0.496370770400607	1010	2426	8835	27690000	199
20221002 003704	binary	custom	TRUE	TRUE	FALSE	-100	-1	0	0	0	31	570	TRUE	238001	0.0274506341082705	0.694955615283221	1396	2391	9341	27800000	200
20221002 003926	binary	custom	TRUE	TRUE	FALSE	-100	-1	0	0	0	31	512	TRUE	238001	0.0217973120005082	0.491957610566518	907	2347	9175	27810000	201
20221002 004220	binary	custom	TRUE	TRUE	FALSE	-100	-1	0	0	0	31	497	TRUE	238001	0.0109430115171767	0.575166595357424	991	2516	8787	27630000	202
20221002 004715	binary	custom	TRUE	TRUE	FALSE	-100	-1	0	0	0	31	1347	TRUE	238001	0.00976764175213713	0.67903590752046	1179	2274	9343	27960000	203
20221002 004904	binary	custom	TRUE	TRUE	FALSE	-100	-1	0	0	0	31	264	TRUE	238001	0.0127128663551348	0.403480895324539	1370	2608	8621	27160000	204
20221002 005314	binary	custom	TRUE	TRUE	FALSE	-100	-1	0	0	0	31	870	TRUE	238001	0.00769126936003749	0.502420587852411	1350	2686	8346	27470000	205
20221002 005529	binary	custom	TRUE	TRUE	FALSE	-100	-1	0	0	0	31	519	TRUE	238001	0.0263532114970246	0.496416723517422	1111	2579	8893	27820000	206
20221002 005920	binary	custom	TRUE	TRUE	FALSE	-100	-1	0	0	0	31	733	TRUE	238001	0.0105413129234215	0.491166355141369	782	2506	9235	27690000	207
20221002 011043	binary	custom	TRUE	TRUE	FALSE	-100	-1	0	0	0	31	3125	TRUE	238001	0.0050106261703098	0.529165532690531	1316	2506	8381	28120000	208
20221002 011830	binary	custom	TRUE	TRUE	FALSE	-100	-1	0	0	0	31	1868	TRUE	238001	0.00518335913982368	0.704138819663405	983	2549	9846	27510000	209
20221002 011947	binary	custom	TRUE	TRUE	FALSE	-100	-1	0	0	0	31	221	TRUE	238001	0.0373881887754362	0.469988494644547	788	2404	8875	27930000	210
20221002 012038	binary	custom	TRUE	TRUE	FALSE	-100	-1	0	0	0	31	82	TRUE	238001	0.0478680144582964	0.490010195277869	599	2400	9418	26770000	211
20221002 012710	binary	custom	TRUE	TRUE	FALSE	-100	-1	0	0	0	31	1499	TRUE	238001	0.00594304284852596	0.519511146866996	1207	2491	8591	27700000	212
20221002 012926	binary	custom	TRUE	TRUE	FALSE	-100	-1	0	0	0	31	342	TRUE	238001	0.0128767929298484	0.534464257164136	1189	2542	8362	27680000	213
20221002 013446	binary	custom	TRUE	TRUE	FALSE	-100	-1	0	0	0	31	737	TRUE	238001	0.00537805498637819	0.502690181309086	742	2595	8753	27860000	214
20221002 013547	binary	custom	TRUE	TRUE	FALSE	-100	-1	0	0	0	31	130	TRUE	238001	0.0370439743949902	0.501880315565516	801	2468	9279	27370000	215
20221002 014246	binary	custom	TRUE	TRUE	FALSE	-100	-1	0	0	0	31	1455	TRUE	238001	0.00505842456725416	0.500103290723372	1049	2529	8140	27560000	216